65225
68011
68208
68012
70212
70266
07085
07086
07087
07088
07089
07090
07091
07092
07093
07094
07095
07096
07097
07098
07071
07072
07073
67424
07075
07076
07077
07078
07079
07080
07081
07082
07083
07084
70173
68538
68042
68660
68041
17725
17726
17727
17728
17729
17730
17731
17732
17714
17715
17716
17717
17718
67594
17719
12306
68028
69054
12329
12330
12331
12332
12333
12335
12336
12337
67519
12321
12322
12323
12324
05724
70348
68007
05744
05746
05747
05748
05735
05736
05737
09847
70230
68580
70263
68019
09865
09866
09867
09853
09855
09856
67483
09857
09858
09859
09860
09861
09862
09863
24857
68292
24965
24969
24970
24971
24972
24948
67715
24950
24951
11305
68870
68024
11327
11328
11329
11312
11314
11315
11316
11317
11318
11319
11320
11321
11322
11323
11324
11325
11326
63219
68890
68183
63239
63240
63241
63233
63234
66780
67066
63238
08909
68018
70326
68790
08928
08922
08923
67468
67470
08926
08927
70332
68592
13637
13638
13639
67535
13643
13644
13645
14855
70015
68586
68033
14899
14900
14901
14889
14891
14895
14896
14898
65717
70234
68048
21885
21886
21887
21888
21889
21875
21876
67660
67659
21884
27194
27219
27220
27210
27211
27212
67757
27218
38482
68110
68406
38539
38540
38541
38542
38531
67934
38536
38538
57919
57950
57952
67299
57944
57945
62152
68852
68918
68177
62173
62174
62165
62166
67036
62171
62172
64201
68416
68190
70306
68992
64223
64215
64216
67012
64217
64221
64222
64275
68192
64290
64294
64295
64296
64297
64298
64299
64289
01912
68001
68720
02002
01989
01990
01995
67356
01996
01997
01998
01999
02000
06455
68230
70244
06475
06480
67414
06481
06482
06483
06484
06485
70271
13214
13205
13206
13207
21933
70361
68050
68674
68688
21946
67663
21952
21953
21954
21955
21956
28074
70270
28113
28114
28118
28119
28120
28121
28122
28123
28124
68093
70299
33271
33277
33278
33279
33280
33281
33282
33283
33284
34822
70308
34828
34829
67873
34833
34834
34835
34836
34837
34838
36927
36945
36934
36938
67908
36939
36940
36941
36942
36944
38982
70345
68694
68770
68114
39001
39002
39003
67937
39004
39005
38996
40114
70310
70249
68122
40120
40122
40123
67949
40124
40126
40128
56552
70323
68972
56573
56574
56576
56577
56578
56560
56564
67275
56566
56567
56568
56569
56571
69092
57645
57646
67292
57636
57637
57642
57643
62944
68330
62982
62984
62971
67057
62986
62973
67058
63662
68187
68764
63670
63671
67078
63675
63676
63677
63678
05628
05643
05635
67400
05639
05641
05642
06822
68274
68010
06836
06837
06838
06840
06841
67420
06842
06843
06844
07383
07403
07395
07396
67431
07401
07402
08950
08951
08952
08953
08939
67465
08945
08946
08947
08948
08949
17076
68632
68035
17088
17092
67578
17093
17095
17096
20976
69016
20984
20985
67642
20988
20989
20990
20991
22109
22129
22118
22119
67667
22124
22125
22126
22127
22128
25318
70176
68528
25337
25338
25327
25328
67722
25332
25333
26688
68396
68068
26736
26716
67745
26721
26722
26723
26724
26726
70016
68350
68070
26977
26978
67750
26981
26982
26983
26984
26985
26986
31746
31765
31766
31754
31757
31758
67817
31759
31762
31763
31764
32146
68084
68085
68904
32161
32162
67827
32164
32165
32166
32319
32335
32336
32327
32328
67829
32329
32334
34685
68794
34739
34741
67872
34743
34744
34745
51054
68928
51077
67188
51069
51070
51071
51072
55356
68428
68162
68624
55367
55370
55371
55372
55373
55374
56835
56851
56845
67278
67279
56849
56850
63191
68622
68182
70245
63206
63209
63210
63211
63212
63213
64082
68189
70296
70132
64089
64092
64093
67009
67010
64094
64095
64096
00618
00630
67342
00635
00636
00638
02997
68003
68576
70309
03004
03006
03007
67367
06326
70107
06336
06338
06339
67411
06340
06341
06342
09945
70379
09968
09969
65332
09961
09962
11752
68202
68027
11771
11774
11775
11776
67514
11777
11778
11779
13309
13330
13331
67531
67530
13335
13336
13681
13700
13701
13704
67536
13705
13706
13707
13708
13709
14621
68032
70152
68988
69048
14626
14628
14629
14630
67550
14631
14632
14669
14677
14678
14679
14682
14683
14684
17007
68842
70049
17018
17022
67579
17023
17024
17025
18316
68520
68044
69086
18326
18328
18331
18332
67610
67611
18333
18334
19255
68344
68046
70051
19262
19263
19265
19266
67624
19267
19268
68053
68692
68054
70376
22956
22959
22961
22962
22963
22964
22965
22966
24655
24656
24657
24658
24659
24642
24643
24645
24652
68086
69068
32251
32252
67826
32258
32259
35506
68099
68974
35514
35515
67886
35519
35520
35521
35522
42827
68132
68398
70246
42835
42838
67990
42840
42841
42842
42953
42974
42976
42963
42964
42971
42972
68288
68133
43172
43175
67081
43176
43177
43178
49577
68218
68510
70207
68145
49601
49603
49604
67170
49605
50036
50042
50043
67177
50047
50048
50049
50050
50051
51206
70355
51228
51229
51230
51234
58488
68294
70356
68171
58504
58505
58506
67309
58507
58500
58501
62241
68178
68540
62249
62253
67038
62254
62256
62257
62258
63769
68924
63804
63805
63794
67003
63801
63802
63803
01382
01390
67350
01392
01393
01394
01395
01396
01397
05227
68612
05236
05237
67392
05241
06355
68338
70357
70359
06366
06367
06368
67413
06369
06370
06361
06362
07957
70242
69028
07964
07967
07968
07969
67446
07971
07972
08421
68368
68016
08427
08428
08432
08433
67451
08434
08435
08436
10146
10161
10162
10164
67489
67490
10156
10160
10888
68374
10896
10899
10900
10901
67501
10902
10903
13154
70030
68029
69004
13159
13162
67527
13164
13165
13166
15031
70119
15036
15039
15040
67555
67556
15041
15042
70029
23772
23773
23777
67697
23778
23779
23780
28187
70295
68954
28206
28207
28208
67776
28212
28213
30830
68320
68079
30847
30848
30837
30838
67802
30841
30842
30843
68636
70325
68089
32951
67840
32956
32957
68810
35457
35460
35461
67890
35462
35463
35464
35465
35466
37879
70237
68544
37885
37887
37888
37889
37890
67925
37891
37892
37893
40816
68364
68125
40838
40839
40842
40843
67958
40844
40845
40846
41008
68446
70211
68127
41031
41033
41034
67961
41035
41036
45252
70378
45266
45268
45269
45270
67111
45271
45272
45432
68137
68726
70247
45439
45440
45441
67114
45442
45437
68142
48122
48123
67143
48111
48112
67142
48117
48120
68856
49179
49180
67159
67161
49184
49185
49186
49187
53258
68336
70335
53272
53276
53277
67227
53278
57273
57279
57280
57281
67287
57288
57289
57290
58359
70026
58364
58367
58368
67306
58369
61804
68248
61811
61813
61814
61815
61816
61817
61818
62077
62104
62105
67034
62109
62110
62111
62112
62479
68179
70069
68722
62504
62507
62508
67044
62509
63325
70333
68766
63330
63331
63333
63334
67068
63335
63336
64260
68191
68964
70240
64267
64268
64269
67013
64270
64265
04614
68956
04621
04622
04626
04627
04628
04629
04630
68626
05092
05093
67389
05099
05101
07929
68594
07939
07941
67445
07942
09431
09530
09531
09534
67477
09535
09536
09537
10189
67491
10193
10194
10195
10196
10965
68376
68021
68900
10974
10975
67502
10971
14172
14178
14179
67545
14185
14186
14187
16190
68034
68666
16196
16197
16199
16200
16201
16202
17317
70264
68038
17329
17331
17332
17333
67583
17334
17335
25674
70241
69066
25691
25692
25693
25694
67729
25688
25690
26122
68424
68064
67737
26167
26169
26170
26172
26757
68069
70221
68984
69088
26775
67746
26776
26777
26778
26770
26832
26838
26841
67747
26842
26843
26844
26845
29628
29650
29651
29652
29653
29654
29659
29660
31841
70320
31846
31849
31850
67821
31851
31852
31853
31854
31855
32373
32393
32395
32397
67831
32392
32598
68088
70205
32609
32610
32613
67835
32614
32615
37120
68104
68832
37147
37149
37150
37151
37128
37130
37134
67914
37135
45835
45841
67119
45845
45846
45847
45848
45849
45850
46260
68400
68138
70274
69034
68139
46273
46275
67125
46270
46271
46712
68664
70239
46738
46739
46740
67129
46741
46735
46736
48507
48515
67149
48518
48519
48520
68762
48816
48817
48818
48819
67153
48824
48804
48805
48814
70231
51349
51350
51351
51352
67195
51357
51358
51494
68152
68776
51516
51505
51506
67201
51514
51515
52834
70122
52864
52865
52866
67221
52861
56652
68228
56697
56703
56695
56696
57034
68412
68168
70034
57083
57084
57085
67280
57086
57081
57037
68166
57043
57046
57047
57048
67282
57049
57050
62728
68740
70304
62744
62749
67052
62750
62751
63279
70213
63286
67067
63290
63291
63574
68572
68714
68186
63594
63595
67076
63591
63593
64049
70261
64062
64064
67008
64066
64067
64303
70347
64310
64312
67014
64313
64314
01457
68276
70219
01467
01468
01469
01470
01465
04694
04716
67381
04720
04721
04722
04833
04853
67385
04859
04860
04861
04862
05296
05301
05302
05304
05305
67394
05307
05308
05309
06550
06557
67415
06560
06561
06562
08478
68566
08489
08490
08491
67453
08487
08695
67460
08697
08698
11552
70298
70033
68025
69024
11565
67510
11562
11564
11630
67513
11636
11637
11704
68026
70206
11714
11715
11716
11717
67512
11712
13258
68756
13270
13271
13272
67528
13276
13277
14450
68652
14455
14456
14459
65432
67549
67548
14460
14748
70334
68858
14754
14758
14759
20064
20073
20075
20076
21052
21076
67643
21079
21080
22071
70083
22088
22089
67666
22096
22097
23567
68214
70342
68952
23575
23576
67691
23577
23573
25037
70259
25074
25075
67723
25071
26506
70284
26528
26533
67743
26534
26535
26536
27762
68514
70085
27772
27773
27774
67765
27769
27771
31896
31902
31904
31905
67823
31906
31907
31908
32298
70297
32305
32307
32308
32309
67828
32310
32673
32675
32663
67836
32664
33450
33478
33481
67852
33482
33484
33485
34009
34010
67861
34013
34014
34015
34016
37575
68480
68106
37587
37588
37589
67922
37583
37584
37586
39604
39629
39633
69040
39630
39631
67944
39634
39628
42196
68646
68129
42228
42234
67981
42236
42237
42238
43519
70198
43526
43527
43531
43532
43533
43534
44677
44685
44688
44689
67107
67105
44690
47174
68141
68864
70375
47180
67134
47184
47185
47186
50846
50853
50854
50857
50858
50859
50860
50861
50852
53290
53297
53298
53302
53303
54548
68914
54559
54560
54564
54565
54566
55768
70022
55774
55775
55778
55779
55780
55781
57519
57532
57533
57536
67290
57537
57539
57540
58588
68488
68172
58595
58596
58597
67310
58598
58599
59203
59213
59218
59479
68478
68173
59501
59504
67323
59505
63415
68184
70265
63423
63424
63425
63426
67069
63420
63421
64351
64384
64386
64387
64388
67015
64389
64390
00412
00419
00422
00423
67339
67341
00424
00425
03117
03123
03126
03127
03128
03129
03130
03434
70124
03440
03442
03443
67371
03444
04790
04800
04804
67384
04805
04895
04901
04902
04904
67387
04905
68990
70254
05474
05475
67397
05477
05595
05603
67399
05607
05608
07436
69002
07459
07460
07461
67433
07457
08363
08371
08374
08375
08376
67450
08377
08378
09178
70200
09184
09187
67475
09183
09719
09724
09727
09728
67481
09729
09730
09731
10099
68020
69056
10108
67487
10114
68800
10465
10469
10470
67495
10471
10472
10473
10696
68554
10712
10713
10714
10706
10707
11197
11201
11202
11204
11205
11206
67504
11209
11210
11212
68654
11255
11256
11257
11259
11264
11265
13133
13139
13141
13146
13147
13542
13547
13548
67534
13552
13553
70149
13809
13810
13811
13801
13802
14780
14797
14800
14801
67553
14802
16581
16588
16590
16594
16595
16596
16597
68746
68040
70250
17661
67593
17664
17658
17751
68476
70262
17763
17764
17765
17770
17771
17825
17826
17829
67595
17830
17831
21248
21250
21239
67646
21246
21425
21438
21439
21440
21441
67653
21435
21437
22798
70129
22809
67673
22814
22815
23945
69060
23954
67700
23955
23949
24023
68242
68798
68056
24032
67702
24028
24030
24031
24590
68840
24612
24613
67709
24610
25240
25249
67721
25251
25252
26938
26947
26948
26953
26954
26955
27254
68072
68610
27269
27271
27272
67758
27267
27917
27927
67769
27931
27932
27933
28157
70373
28166
28167
28168
67777
28163
28165
28461
68772
28470
28471
28472
67781
28467
28468
30158
67794
30163
30164
30165
31147
69006
31153
31154
31159
31161
31163
68090
33224
33210
33211
33212
33220
33221
33537
70019
68574
33543
33544
67853
67851
33540
33541
34558
68226
70082
34582
67871
34585
70217
35296
35297
67880
67881
35301
35302
36826
70222
36832
67906
36837
36838
36839
36912
68268
68102
70052
36920
36921
36917
36919
37356
68105
69044
37371
37372
67917
37368
38103
38128
38129
38131
67929
38132
38585
68452
68920
68111
38593
38589
38591
38592
39454
68826
39461
39465
67943
39467
70172
40174
40175
67950
67951
68126
40993
40994
67959
40995
40989
40990
41306
41318
41320
66266
41323
41324
68380
70151
41455
67965
41456
41451
41819
70210
70267
41828
41829
41830
41831
67971
41832
41825
43037
70177
43063
43064
43065
43066
43059
43060
43213
70220
68670
43225
67083
43221
43223
43224
44080
68706
68738
44089
44090
44084
44364
44372
44375
44376
67097
44377
47655
70170
68996
47663
47664
67139
47665
47660
48038
68898
48047
48049
48052
48053
48045
48898
48905
67154
48909
48910
48911
48912
49127
49136
49137
49138
67157
49139
49133
49244
49249
49253
67162
49254
68284
68466
70209
68154
51630
51633
51772
70351
68548
51779
51780
67204
51776
52550
52558
52559
67214
52562
52564
52565
53190
68159
68978
53215
67226
53211
53213
53214
53453
70188
53489
53490
53491
67230
53492
53487
55332
55344
55345
55346
67256
55347
55342
57035
70204
68167
57065
57066
57067
67281
57062
57781
57786
57787
57792
57793
58782
58789
58790
58792
58793
67314
58794
59298
68496
59311
67319
59317
59318
60345
70256
60351
67334
60355
60356
62267
62278
62280
62281
62282
67039
62283
62277
63079
68181
68998
63088
63089
63090
67061
63085
64423
64432
64435
64436
64437
64438
64439
64440
64431
02227
70037
02234
02235
02236
02237
02232
02581
02590
02591
67363
02588
03266
03276
03280
03281
04484
04512
04513
67377
04510
70164
04596
04597
67379
04602
04603
04595
04764
70031
04773
04774
67383
67382
04771
05270
05281
05282
05283
05284
67393
05279
05800
05805
05806
05809
05810
67404
05813
05814
05815
07803
68828
07814
07809
07812
07813
09462
09463
09464
09470
09472
09773
09782
67480
09783
09784
09785
09914
09923
09925
10260
70064
10273
10274
67492
10270
10272
13467
13474
13475
13476
67532
13477
13471
13472
13850
70363
13861
13862
67539
13856
13857
15317
15324
15331
15368
67559
15372
15373
16437
70153
16442
67574
16447
16448
16449
16961
70341
68426
16971
65500
67577
16973
16975
68039
68782
17601
17602
67588
17604
17605
17597
18270
18295
18296
18297
67607
18293
18301
70079
68043
68966
18313
67609
18309
18312
18485
70065
18489
18491
67612
18496
18497
19402
19413
19417
21202
21220
21210
67647
21217
21218
21219
21272
21277
67649
21284
21285
22537
22554
22555
22556
22557
67672
22552
23579
70257
23586
23587
23588
67692
23584
24718
68334
24729
67710
24731
26250
26256
26258
26260
26261
26559
68065
68352
26576
67744
26577
26571
26572
27013
27047
27048
67752
27053
27055
28134
70303
28141
28142
28146
28148
28149
28306
28313
67778
28316
28317
28318
70236
68616
28433
28427
28435
28428
28432
29134
29142
29146
29140
29141
30227
30237
30238
67793
30240
30241
68080
69000
31323
67810
31317
31318
31321
31322
31641
31654
31656
31657
31658
67815
31659
70158
32454
32455
32456
32457
32451
32453
35117
35118
35122
67875
35123
35125
35353
70066
35367
35368
67882
35365
36044
68562
68100
36052
36053
67893
36054
36055
36049
36645
70075
68628
36653
36657
67901
36658
36659
36732
68608
70305
36740
67904
36737
36739
36774
36785
36787
36788
67903
36789
36790
68328
37091
67913
37100
37773
70180
37791
37792
37795
37983
70337
69008
37991
37992
67926
37988
37990
38281
70021
70050
69036
38288
38289
38292
38286
38314
70338
68584
38322
38323
38319
38321
38614
70280
68934
38628
38629
38630
38631
38625
38654
70187
38688
38689
38690
67933
38686
38765
68774
38864
38865
38866
38867
38862
39087
39094
39095
39096
67940
39097
39098
39092
39402
39449
39450
39451
39445
39446
39448
39582
68342
68118
39594
39595
39590
39593
41510
67968
41512
67966
41513
41514
41515
41578
68736
41597
41602
41604
41606
41607
42242
42250
42254
42255
43922
70061
43936
43937
67093
43934
48965
48977
48980
67155
48981
48982
49327
49333
49336
67164
49337
49331
49332
49367
49376
49377
49381
49382
49375
49652
49660
49661
67173
49662
49657
50035
50057
50062
67176
50064
50065
68150
70315
51134
51137
67191
51138
51139
51132
68508
68600
68151
67190
67192
51179
51182
51183
51702
51711
67202
51707
51882
68680
51888
67206
51892
51893
51894
52314
68157
68912
67212
52319
52321
52322
52323
53363
70225
53372
53373
53374
67228
53368
55035
68564
55047
55051
55052
55046
56315
56316
56310
56311
56800
68165
68868
56828
56829
67277
56827
57298
57305
57308
57309
57310
57312
57430
57443
57444
57445
57446
57440
57653
68796
57663
57664
57665
57666
57658
57954
57980
57981
67300
57976
57978
57979
58286
68560
58299
58301
58302
67305
58297
58676
70346
58685
58686
58680
59238
70179
59250
59254
67317
59256
59258
59259
60543
60553
70215
67018
60554
60555
60550
61031
61060
61061
61063
61065
67022
61066
61067
61068
61913
61919
61922
67031
61923
61977
61985
67033
61988
61989
61991
61998
61999
67032
62001
62002
62706
62714
62715
67051
62716
62711
62901
70186
62913
62914
67055
62911
62921
62928
62929
67056
62926
63062
68372
63071
63075
67064
63076
63102
68382
63111
63112
67062
63107
63109
63110
68185
63475
63476
63477
67072
63472
63474
63750
63758
63759
63761
63762
63757
01429
70279
68422
01441
01437
01440
01482
01491
01493
01494
67352
01488
02102
02111
67357
02107
03053
70155
67368
04183
04191
04195
04196
04341
04350
04351
65115
04346
04349
04866
04874
67386
04871
05193
70041
05200
05201
05202
67391
05197
05488
67396
05494
05495
05496
05497
05852
05859
05860
05861
67405
05857
06062
70328
06074
06068
06070
06071
06072
06073
06643
06656
06657
67416
06653
07199
07200
67427
07201
07202
07194
07369
70318
07379
07380
67430
07381
07374
07413
70238
67434
07419
07422
07423
07469
07476
07477
07478
67436
07474
07593
70063
07603
67439
07599
07602
08586
70228
69064
67458
08591
70268
69078
09240
67473
09245
09246
10395
70060
10399
10406
10407
10408
10410
10411
10435
10451
10452
10448
10624
10628
10630
10639
10640
10768
68658
10776
65358
67499
10773
10775
13169
13180
13181
67526
13178
14276
14294
14295
14296
67546
14297
14290
14471
14472
14473
14474
14484
15092
15102
15097
15098
15153
15164
15165
67557
15161
15169
15179
67558
15174
15175
15178
15527
15535
15536
67561
15532
16402
67572
16408
16410
16889
16896
16898
67576
17422
70045
17432
17434
17435
17919
17938
17934
17937
18145
18160
67603
18157
18159
18190
18202
18203
67604
18198
18200
18201
18218
18226
18227
67605
18222
18223
18224
18769
18776
18777
18778
67617
18774
19230
68512
68045
67625
19234
19235
19237
19238
19556
19564
19565
19566
19562
20362
20371
67634
20372
20368
20434
70218
20442
20443
20444
20439
21184
21186
67645
21177
21689
21709
21699
67655
21707
21708
68896
70134
21860
67658
21856
22131
22138
22139
22140
67668
22136
22137
22491
68792
70043
22498
22500
67671
22501
22642
22629
22633
22634
67674
22712
70203
22722
22719
23637
70020
67694
23641
23643
23644
24405
70055
24445
67707
24441
24444
26491
70133
26502
67742
26498
26500
26501
27171
70017
68236
27180
67755
27181
27182
27183
27175
27580
27597
27598
27599
27600
27601
27594
68404
70150
28040
28042
67773
28043
28647
28653
28656
67783
28657
29064
67786
29070
29072
29073
30467
30473
30475
30476
65960
30477
30478
30927
30938
30942
67803
30944
30945
30973
30982
67804
30986
30987
31723
31736
31738
31739
67816
31734
31777
31779
31780
67818
31782
31783
32200
32210
32211
32212
32213
32208
32281
32287
32288
32289
32290
32291
32286
32806
32816
32818
32819
67838
32962
32969
32970
32971
67842
32967
34955
68326
34963
34964
34960
34962
35524
68696
35532
35533
67887
35529
35531
70302
36250
67896
36246
36259
36267
36268
67897
36265
70113
36339
36340
36344
36348
36677
36684
36685
36686
67902
36682
36856
70278
69022
36864
36865
67907
36861
36991
69096
36999
37000
67909
36997
37849
37857
67924
37863
38081
70038
38091
67927
38088
38090
38176
68532
70324
67931
38180
38182
38183
38184
38185
38329
70277
68716
38343
38344
67932
38339
38342
39846
39855
67946
39856
39852
41920
68346
70144
41930
67974
41926
41929
41937
70068
41944
67975
41947
41948
42419
68704
68130
42431
42433
42426
42427
42429
42649
68131
42659
67982
42655
42657
42658
43335
68134
43346
43347
43348
43343
43460
43448
43449
67086
43678
43685
43686
43687
67089
43688
43683
43828
43837
67092
43838
43831
45754
45764
45765
45766
67118
45761
45965
70121
46000
67121
45997
45999
46287
46294
46302
47485
47495
47497
47498
47499
67136
49475
49485
49486
67167
49481
49627
70143
49639
67171
49636
49638
49689
49696
50407
50413
50416
50418
50419
50412
50834
69058
50842
50843
50844
50840
51901
68570
51924
51925
67207
51926
51920
52502
52513
52514
67213
52511
52707
52718
52719
67217
52715
52717
52913
52924
52925
67223
52922
52923
53023
68432
70071
68158
67224
53027
53029
53693
53705
53708
54413
54445
54446
67241
54441
54442
54819
70300
54827
54824
54826
55298
70096
55306
55307
55303
55305
55312
70362
55320
67255
55317
55319
55861
55862
55863
67262
55858
56080
56087
56088
56090
56091
56092
57815
70223
57831
57833
57834
67293
57830
58443
70108
67308
58449
67311
58659
58660
58731
58738
58739
58740
67313
58741
58735
58737
58804
70349
58812
58813
58809
58811
59143
70191
59154
59152
59366
59372
59374
59375
59376
59540
59553
59554
67322
59549
59550
59552
59760
59770
59771
59772
59773
59766
59767
60450
70331
68498
67335
60461
60463
60464
61141
68640
61149
67023
61145
61147
61148
62637
67049
62647
62648
62649
62729
70377
62737
62735
00588
00598
00601
00602
01194
01211
01212
01215
01216
01411
01426
01427
67351
01423
01551
01562
01555
02041
02051
02047
02050
02348
68002
67360
02352
02354
02355
02539
02547
67362
02543
02546
02707
70275
02714
02716
02717
02818
70095
02827
02829
02830
02831
02832
68812
03243
03244
03245
03239
03469
70142
03485
67372
03483
03625
68266
68004
68408
68005
03637
03640
03641
04165
68250
04172
04174
04175
04422
04432
04433
04428
04436
04444
04445
67376
04442
04678
04686
67378
04683
04685
05111
05115
05116
05117
05651
05658
05659
05660
67401
05655
05699
05713
67402
05711
05921
05930
67407
05927
05929
06176
06195
06196
06425
06437
06438
06433
07258
68013
68494
07273
07275
07276
08608
08620
67457
08615
08669
08679
08675
08840
08848
67466
08845
08847
09312
09314
67474
09570
09579
67479
09575
09577
09578
09891
09899
67485
09895
09897
09898
10134
10142
10143
10139
10140
10577
10586
67497
10582
10584
10585
11030
68410
11038
11039
11041
11356
67506
67505
11363
12111
12121
12117
12119
12120
12222
12229
12230
67518
12227
12870
12878
65399
67524
12875
12967
12975
12976
67525
12972
12974
13311
70181
13314
13315
13317
13318
13319
13349
13357
13353
14374
14382
14383
14384
14377
14381
14829
68614
14843
14844
14838
14840
14841
15421
15429
67560
15427
15594
15609
15604
15605
15608
15729
15730
67565
15731
15726
15769
70229
15777
15778
15779
15780
15932
15940
15937
15939
16123
16132
16133
16128
16129
16130
17122
17151
17152
67580
17150
18066
18067
18060
18062
18063
18064
18065
18271
18277
18278
18282
18283
18521
18529
18530
67614
18531
18785
70195
68910
18792
18793
18799
18876
18877
67618
18878
18882
18883
19103
19117
19118
19112
19113
19116
19325
70146
19334
19329
19331
19332
19333
19679
19693
19694
67631
19690
19752
19767
19768
19769
19763
20137
20144
20148
20374
20385
67635
20382
20384
20693
20703
20708
20709
20792
70100
20796
20798
20799
20800
21393
68582
21410
21414
21415
21416
21548
21558
21559
67652
21561
21562
21555
22269
22279
67669
22275
22277
22278
22739
68052
70058
22747
22749
22836
70273
67675
22995
22997
22998
22999
23047
23053
23054
23439
23450
23446
23447
23449
23541
70027
23546
23550
67690
23551
70163
23672
67695
23669
24580
24588
67708
24585
24587
24909
24921
67716
24918
24920
25370
25379
25376
25404
70330
67724
25410
25412
25628
25634
25635
25640
25649
25650
67728
25646
67731
67732
25921
25923
25924
25925
25975
25983
67734
25980
25981
26312
26316
26318
26321
67741
26323
27150
27158
67754
27156
27387
27409
67759
27410
27414
27415
27568
27574
27576
67761
28375
28383
28384
67779
28380
28382
28438
70147
28443
28444
28450
28452
28453
30383
30391
67796
30387
30389
30390
30457
30458
30461
30463
30464
32509
32517
67833
32513
32515
32516
33048
68206
70226
67843
33054
33056
33057
33122
67844
33124
33125
33126
33638
33647
67855
33644
33645
34118
34125
34133
34134
34136
34210
34212
34213
67866
34215
34385
34393
34394
67867
34389
34391
34392
70103
67883
35342
35343
35345
35944
35949
35951
35953
67892
37464
67920
37472
37474
37475
37476
37945
37963
37964
37965
37960
39031
68117
68824
39035
39037
39038
39039
70214
39745
39746
39749
40463
68362
40471
41661
70311
67970
41665
41667
41668
42695
67984
42705
42707
42708
43570
43578
43579
43574
43576
43577
43900
70125
43911
43905
44034
44048
44049
67094
44056
66325
44339
44340
44348
44469
44477
67102
44472
44475
44476
44598
44609
44610
67106
44605
44608
45474
45486
67115
45482
45484
45485
45852
45860
45856
45858
45859
46339
70353
67126
46370
46371
46425
46435
67127
46432
46434
47103
47111
67132
47108
47110
47602
47613
47614
47609
47610
48738
70159
48744
48748
48749
48750
49073
70062
67158
49080
49082
49083
49537
49545
49546
67169
49541
49543
49544
50263
68830
50270
50272
50273
50502
50509
50510
50511
67180
50507
51325
51336
51337
51338
67197
51339
51332
51813
51820
51821
51822
51823
51816
52570
52583
67215
52588
52613
52622
67216
52618
52619
53046
53069
53071
53072
53413
53421
53422
53418
53419
53427
70059
67229
53430
53432
53433
53543
53551
53553
53554
53555
53549
54069
54079
54086
54078
54204
54212
67236
54208
54210
54211
54870
54885
67248
54881
54884
54991
55002
54996
54997
55001
55069
67250
55073
55075
55076
55145
70192
67253
55153
55155
55156
55169
55183
67252
55180
55197
55205
67254
55201
55203
55204
55274
55284
55285
55280
55656
55666
55667
55662
55665
55730
67263
55734
55736
55737
56157
56165
56166
67269
56162
56164
56294
56302
56303
56304
56299
56301
57131
57140
67284
57135
57669
57674
57675
67294
57678
57679
57680
57673
57757
57766
57767
57760
57761
57801
57808
57809
57811
57812
57805
58023
67303
58028
58030
58384
58395
58396
58390
58391
58394
58933
70165
58943
58938
58939
58942
59902
70024
59911
59912
59907
59958
67328
59961
59963
59965
60759
60767
67021
60764
60766
60850
60858
60859
60855
60857
62447
62448
62454
62455
62584
70123
67047
62589
62592
62684
68468
67050
62693
62695
63358
70350
70292
63363
63369
63370
63371
63372
63399
70086
63406
63409
63830
63838
63839
67004
63840
63834
63872
70301
63878
63881
67006
63882
63877
63947
68876
63961
64401
68606
70366
67016
64415
64417
64418
00972
00966
01721
01733
67354
01728
02158
02167
02164
02173
02176
02179
02180
02473
02482
02479
02517
02524
67361
02520
02522
02523
02564
02570
67364
02575
02941
02959
67366
02955
03328
67369
03340
03343
03360
67370
03363
03365
03366
03367
03422
03423
03426
03427
03429
03570
67373
03566
03569
03587
03599
03602
67374
04039
04043
04046
04047
04056
04066
04067
04075
04065
04814
04825
04829
04830
05068
05071
05165
70128
67390
05174
05176
05756
05760
05761
05764
05765
05766
05959
67406
05963
05966
06407
06417
06418
06412
06413
06526
06530
06531
06534
06535
06929
67421
06934
06941
67423
06950
06952
06953
07226
67426
07229
07232
07233
07236
67428
07246
07241
07259
07268
07263
07284
67429
07289
07291
70166
07302
07306
07490
67437
07494
07496
07497
08118
08122
08124
08125
08126
08330
68960
08353
08359
08360
08361
08439
67452
08451
08453
08454
08739
08754
08750
08751
08858
08867
08864
08897
67469
08901
08903
08904
09149
09154
09156
09160
09161
09162
09164
10588
10597
10593
11812
11827
67515
11822
11826
11900
11907
11909
11910
70102
12589
12591
12592
13654
13658
13660
13661
13662
13663
15556
67563
15560
15562
15563
15807
15816
15812
15825
15833
15830
15832
16066
67567
16070
16071
16072
17123
17130
17134
17588
67590
17584
17587
17624
17634
17635
67591
17629
17907
67598
17913
17916
17945
67600
17950
17952
17953
18027
70039
18031
18033
18034
18035
18137
67601
18141
18143
18164
18183
18177
18181
18182
19456
67628
19460
19461
19463
19798
65648
19844
19846
19847
19848
20152
70286
20160
20161
20159
68212
68047
67636
20228
20231
20232
20387
20397
20398
20400
20394
20402
20409
20412
20413
20736
20743
20744
20747
20748
21319
21332
21333
21326
21330
21331
21394
21401
21403
21404
21400
22683
22697
22698
22699
22701
22907
22919
22916
22918
23326
23336
23337
67684
23333
23626
67693
23631
23633
23865
23876
23877
23871
23872
23875
24056
70042
65801
67703
24058
24060
24061
24062
24867
24873
24878
24879
25003
25018
67718
25016
25024
68662
70114
70321
25030
25034
25182
67719
25187
25189
25190
25428
70329
67725
25433
25481
70312
67726
25487
25820
25830
25827
25968
67733
25963
25964
26294
67740
26299
26301
26302
26697
68392
68067
26704
26708
26709
26702
26831
26855
26857
26858
26859
27249
27277
27278
27983
70106
28002
67772
27998
28000
28001
28772
28782
67784
28777
28778
28779
29087
29095
67788
29091
29094
29171
29722
29724
29725
29380
29387
29389
29390
29865
70162
29869
29871
29872
30051
67792
30056
30058
30059
30674
67799
30678
30680
30681
32692
67837
32698
32700
32885
32893
67839
32890
32892
33303
33315
33317
33318
33390
70109
67849
33394
33396
33397
33451
33462
33463
33459
34869
34871
34865
34866
35147
35161
35162
67876
68524
70099
67877
35221
35225
35371
35384
67885
67884
35382
68672
36608
36609
36610
37045
37048
37049
67911
37051
37044
37201
67916
37197
37199
37200
37313
37321
37322
37317
37319
37320
37332
68286
67918
37336
37338
37339
37395
70291
37429
37431
37396
68778
70368
37404
37405
67919
37909
37912
37913
37916
38008
38020
38016
38017
38061
38070
67928
38066
38068
38721
70253
38732
38734
38736
39503
70036
39512
39513
39508
39992
39993
39994
39988
39989
40010
40018
40019
40015
40308
67952
40316
40318
40319
40320
41354
41360
41361
41363
42752
67987
42756
42757
44267
44277
44279
44280
44422
70255
67100
44425
44427
44428
44491
67104
44494
44497
44498
44499
44828
44832
44834
44835
44836
44896
70154
67108
44899
44901
44902
45494
45514
45516
45517
45518
45684
67117
45688
45690
45691
45777
45784
45787
45788
45905
67120
45911
45913
45914
46155
67123
46177
46180
46181
46997
47008
47009
47004
47006
47007
47458
47464
47465
47467
47468
70057
67138
47670
47673
47674
47782
47791
47792
47793
48207
48214
48215
48222
48249
67145
48254
48256
48257
48603
48609
48612
48613
50107
68444
67178
50123
50126
50127
50138
70360
50141
50142
50145
50328
50338
50339
50340
50333
50334
50719
68420
68146
67182
50722
50725
50726
50932
67185
50937
50939
50940
50941
51019
51028
51026
51094
51112
51272
70294
51291
51293
51294
51695
51689
51691
51692
51693
51694
52168
52176
52177
52178
52172
52197
68482
52204
67211
52202
52236
52237
52233
53435
53446
53450
53451
53640
53645
53647
53899
53904
53905
53909
54255
67237
54259
54261
54262
54263
54360
68734
68160
54380
54383
54384
54586
67245
54598
54599
54915
67249
54926
54929
54930
54931
70371
55424
67258
67257
55429
55430
55745
55754
55748
55749
55752
55753
55837
55843
55844
55845
55847
55848
55840
56191
56201
67270
56197
57260
57268
57269
57264
57267
58629
58726
58728
58729
58705
58708
58711
58712
58713
59404
67320
59408
59410
59604
59605
59607
59608
59599
60043
67330
60047
60049
60050
60051
67019
60578
60580
60887
60911
60913
60914
60947
60953
61737
67029
61741
61744
61965
68378
61970
61972
62285
67041
62292
62293
62295
62296
62301
67040
62304
62306
62307
62308
62329
62360
62363
62370
62371
63447
70070
67071
63451
63453
63454
63621
63626
63637
63638
63639
63720
67080
63725
63727
63728
64543
68193
68862
67017
64546
64548
64550
00829
00840
00841
00838
00897
67347
00902
00903
01572
70117
01578
01580
01581
01796
67355
01803
01805
01806
01964
01959
02089
02094
02096
02097
02098
02618
67365
02621
02623
02624
02871
02876
02878
02879
04008
67375
04014
04016
04110
04121
04122
04117
04154
04158
04160
04161
04288
04293
04295
04386
04396
04391
04395
05554
05561
05564
05614
70148
05618
05620
05621
05910
05919
05914
05918
06014
06024
06026
06027
06028
06039
06048
06050
06051
06157
67408
06162
06164
06312
67410
06316
06318
70343
07444
07446
07447
07450
07608
70098
07639
67440
07635
07747
67444
07752
07754
07755
07756
08002
08007
67447
70196
68590
67449
08133
08410
70105
08418
08419
08415
08782
08790
67463
08785
08789
08799
68017
68884
08821
08822
67471
09089
09094
09202
09211
09212
09317
09327
09322
09632
09635
09638
09639
09805
67482
09809
09811
09834
09839
09841
09933
09940
09941
67484
09938
10014
10022
67488
10088
10092
10094
10095
11006
11010
11012
11013
11014
11059
67503
11063
11065
11066
11142
11150
11151
11153
11146
11936
11950
11951
11946
11947
12058
12065
12067
12068
12188
12194
12196
12197
12290
12299
12295
12297
13015
13021
13027
13248
13252
13407
13423
13418
13455
13459
13461
13462
13463
13743
67537
13747
13750
14311
14315
14317
14318
14365
14369
14371
14372
68204
14570
14571
15546
15554
15555
67562
15550
15705
15710
15712
16076
67568
16084
16086
16095
16101
16103
16427
70118
16432
16434
16435
16803
16807
16810
16922
16934
16935
16928
17161
17163
67581
17164
17165
17374
17380
17382
17383
17388
17399
67586
17393
17981
70370
67602
17989
17993
17994
18239
67606
18244
18247
18253
67608
18261
18257
18259
18572
18574
18576
18577
18887
67619
18901
18902
18970
67621
18982
18984
19086
19091
19093
19164
19168
19170
19171
19304
67626
19308
19310
19311
19703
19712
67630
19708
19710
19966
19972
19973
20007
70115
20011
20013
20020
20025
20026
20028
20029
20327
20338
20340
20341
21022
21031
21028
21302
68536
21310
67650
21306
21828
67657
21834
23273
67682
23278
68055
68822
67688
23483
23486
23708
67696
23706
23807
23809
23810
24165
24175
24169
24170
24376
24386
67706
24383
24829
24830
24831
67711
24832
24826
24827
24828
24883
67714
24891
24894
25041
25053
25054
25047
25048
65862
67730
25849
25851
26001
26005
26007
26008
26203
26222
26223
26217
26221
26797
26804
26805
27312
27317
27318
27444
27455
27447
27788
68073
67766
27800
27795
27881
27882
67768
27877
28581
28587
28589
28734
28742
28747
28748
29324
70077
29331
29332
29334
29399
29408
29409
29410
29405
29406
29631
29635
29639
30252
68077
68962
30267
30269
30270
30311
30321
30323
30325
30326
30509
67797
30512
30513
30515
30706
30715
67800
30717
30718
31047
31053
31055
31056
31481
31494
31495
31488
31553
67812
31558
31560
32121
32122
32123
32119
32473
67832
32477
32479
32480
32540
32543
32545
32858
68556
32865
32866
33343
33344
67848
33340
33677
33703
67854
33699
34086
34094
67863
34093
34109
34113
34115
34116
70028
34272
34275
34270
34352
67865
34356
34358
34365
34379
34380
34381
34372
35603
35608
35610
36228
68101
36239
36233
36236
36238
70023
36637
67900
36634
37013
37025
67910
37023
37024
37061
67912
37064
37066
37067
37343
37351
37352
37353
37348
37610
67923
37615
37836
37840
37843
37844
38222
38239
38240
38241
38235
39343
39351
39353
39354
39959
39961
39954
40629
40641
40649
67953
40653
40655
40656
40767
40768
40762
40763
40766
40797
67956
40804
40808
40809
41062
67963
41067
41069
41163
67964
41167
41168
41169
41170
41171
42003
42006
67979
42081
42082
42089
42090
42091
42398
42404
42405
42409
42469
42473
42474
42476
42477
42983
70190
42990
42992
42993
43552
43556
43558
43559
43725
43728
43731
43732
44119
44134
44135
44129
44199
44204
44205
44207
44319
44328
44556
67103
44569
44571
44557
44562
44564
44565
44618
44627
44632
44732
44736
44740
44859
44864
44866
45059
45063
45065
45066
45097
45102
45103
45105
45106
45108
45112
45115
45116
45169
45176
45178
45179
45362
67113
45366
45368
45570
67116
45573
45576
45711
45717
45720
45721
45722
45739
45744
45748
45966
45970
45972
45973
45974
46053
67122
46056
46057
46059
46956
46959
46964
47236
47241
47243
47857
67140
47860
47863
47898
47907
47911
48019
48027
48030
48031
48487
70197
48497
48498
48492
48495
48537
67150
48541
48543
48544
67152
48713
48717
48718
49427
49431
49434
49435
49643
67172
49647
49649
49650
49726
49735
49731
49733
49803
49810
67174
49808
50010
50011
50012
50021
50316
50320
50322
50323
50427
50441
50442
50438
50546
50552
50554
51400
67199
51406
51407
51474
67198
51479
51481
51530
51547
51549
51550
51551
51932
51936
51938
51939
52287
52292
52294
52295
52937
67222
52942
52944
52945
53021
67225
53017
53018
53152
53156
53158
53159
53239
70035
53244
53245
53246
53824
67233
53828
53830
53880
53882
54168
54178
54179
54174
54177
54304
54305
67238
54299
54419
54430
54432
54454
68161
69042
67242
54460
54462
54963
54964
54958
55101
55121
55124
55287
55296
55293
55669
55674
55676
55677
55810
67261
55813
55807
55970
55980
55982
55983
55993
70120
55998
56000
56001
56002
56025
56037
67265
56033
56036
56099
67267
56109
56110
67271
56250
56252
56253
56340
70178
69010
56345
56346
56347
56460
56468
56469
56466
56969
56974
56976
56977
57089
57098
57094
57097
57235
67286
57240
57242
57408
67289
57414
57416
57724
57733
57727
57731
57732
57769
68550
57773
57775
57776
57837
57846
67295
57841
57921
57924
57926
57927
58000
58015
58007
58131
58134
58135
58138
67304
58184
58187
68169
58432
58437
58945
58950
58952
59044
70327
59054
59056
59057
59102
67318
59109
59847
67327
59850
59853
67331
60222
60223
60226
67332
60306
60307
60310
60311
60378
67333
60382
60384
61364
67025
61366
61367
61369
61878
61885
61887
61888
62422
67043
62425
62426
62428
62583
62777
62779
62607
67048
62616
62617
62753
68604
62755
62758
62759
62760
62826
62836
62832
62834
62835
63494
63503
63500
63501
63605
63611
63613
63650
67077
63655
63658
67005
63852
63854
63855
64041
67007
64045
64047
64444
64450
64455
64456
64449
00429
70167
00432
00434
00662
67343
00665
00667
01149
68958
01161
01242
01251
01247
01248
01249
02143
67359
02146
02147
02150
02607
02612
02613
02615
02696
02705
02700
02702
03100
03104
03106
03107
70258
03452
03455
03514
03518
03520
03521
04579
04587
04589
04583
05667
05686
05687
70116
67403
05795
05797
05869
05876
05880
06346
06378
67412
06622
06627
06630
06723
67418
06735
06737
07169
07170
07171
07172
67425
07164
07574
67438
07577
07579
67442
07679
07681
07788
07789
07783
08169
08171
08172
08173
08441
67454
08444
08446
09129
09487
09491
09492
09494
09517
67478
09520
09522
09738
09739
09741
10305
10312
10314
10335
10345
67493
10344
10514
10524
10525
67496
10519
10655
10650
10685
10690
67500
10788
10790
10791
11087
11090
11095
11376
67507
11381
11383
11440
11442
11443
70251
11472
11474
11475
11497
11502
67509
11530
11532
11533
12011
12015
12017
12019
12071
12075
12077
12078
13040
13045
13047
13048
13513
13533
13535
14253
14257
14263
14265
14266
14579
14581
14582
14583
15209
70161
15216
15218
15292
15300
15295
15473
15478
15480
15576
15585
67564
15586
15581
16155
16167
67571
16162
16165
16225
16239
16236
16237
16326
16329
16332
67570
16350
16353
16356
16357
16382
16385
16387
16388
16389
16529
16565
16568
68356
68037
17303
17895
67597
17898
17899
18108
18117
18111
18115
18116
18418
18421
18719
67615
18722
18725
19044
19056
19053
19055
19218
19227
19228
19225
19611
19618
19620
19621
20197
67633
20199
20200
20202
20203
20621
20630
67638
20624
20626
20765
20769
20771
20772
68234
20927
20930
20931
21008
21012
21014
21104
21486
21490
21492
68946
22249
22242
22408
22414
22453
22458
22460
22479
22488
22484
22486
22487
23002
70319
23011
23012
23008
67683
23201
23204
23205
23799
23855
23838
23843
23845
23846
23900
70044
23906
23909
67699
23910
23986
67701
23989
23991
23992
24252
24256
24257
24514
24517
24520
24679
24684
24686
24744
24745
25166
67720
25170
25172
25568
70248
25575
25939
25943
25944
25947
26079
26084
26085
26087
26088
26906
67749
26918
26958
67751
26961
26964
27085
27086
67753
27081
27093
27098
27100
27101
27185
67756
27189
27191
68860
27378
27380
27381
27432
67763
27437
27438
27440
67762
27636
27638
27639
27664
27670
27672
27673
27821
67767
27825
27828
28248
28262
28265
28266
28386
28396
67780
28391
28875
28885
28879
28880
29617
29618
29620
68308
30177
30180
30256
67795
30259
30261
30564
30567
30749
30752
67801
30754
31092
67806
31097
31098
31251
31259
67808
31262
31571
67813
31567
31975
31980
31983
32552
32556
32558
66028
32726
32730
32732
32822
32826
32829
32869
32879
32882
32883
33373
33378
33765
67856
33769
33807
33809
33810
33811
34396
67868
34399
34401
34508
70208
34513
34515
68097
34546
34548
34549
34698
34708
34709
34704
35207
35213
35215
35267
67879
35547
35549
35550
35886
35891
35892
35962
35970
67895
36120
36122
36123
36413
67898
36418
36420
36421
36712
36716
36718
36719
37266
37276
37277
67921
37486
37487
38828
67938
38843
39359
39363
39365
39366
39377
39380
39381
39383
39384
39424
39429
39431
39672
70169
39842
39844
39873
39876
39880
40049
70183
40053
40055
70053
40401
40406
40407
40576
40580
40582
40583
41477
41484
41486
41970
67977
41978
41980
41981
42551
42556
42558
42564
67980
42568
42570
42577
42591
42596
42587
42662
67983
42674
42676
43110
43119
43120
43118
43375
43383
43386
43695
67091
43699
43701
43702
43808
70365
43811
43813
44232
68388
44236
44239
44440
44444
44446
44447
44952
44954
44955
45323
45326
45328
45329
45447
45452
45454
45869
45871
45872
46326
70354
46335
46332
46334
46587
46591
46594
46595
46862
46866
46869
47037
67130
47041
47043
47295
47303
47304
47306
47329
70126
47334
47336
47348
47366
47360
47361
47363
47364
47371
47386
47449
47452
47454
47455
47456
47638
67137
47729
47735
47837
47845
47849
47842
48164
67144
48170
48172
48304
67146
48375
48377
48403
66412
48407
48409
48556
67151
48559
48561
48562
48885
48892
48895
48896
49148
49151
49153
49154
49155
49317
49321
49322
49323
49935
49937
49938
49939
50243
50247
50248
50250
50397
50400
50401
50403
50528
50533
50535
50536
50619
50621
50622
50825
67184
50829
50831
50918
50950
50953
50956
50959
50961
50962
70072
51200
51201
51202
51203
51204
51657
51665
67200
51661
51737
51732
51733
51787
67205
51805
51808
51956
51958
51959
52081
52084
52085
52088
52102
52106
52109
52137
52145
52146
52149
52150
70289
52347
52350
52351
52440
52431
52432
52602
52605
52607
52608
52763
67219
52766
52768
52769
52792
67220
52801
53664
53669
53673
54350
67239
54351
54352
54607
54611
54615
67251
55542
67259
55538
55552
55556
55558
55559
55633
55639
55642
55643
56046
56050
56053
56288
67272
56283
56285
56286
67273
56389
56391
56392
56393
56422
56428
56430
56781
56785
56786
56870
56877
56879
56880
57203
67285
57207
57209
57210
57482
57491
57488
57611
57614
57615
57616
57873
57882
57877
57881
58273
58277
58279
58280
58574
58576
58577
58578
58581
58619
58622
58624
58625
58886
58912
58914
58893
67315
58898
58900
59028
59035
59036
59038
59070
59081
59075
59225
59234
59236
59230
59722
67325
59726
59728
59734
59742
59743
59740
59783
67326
59794
59796
59827
59832
59835
60500
70168
60530
60525
61439
67026
61445
61447
61448
62187
62198
62200
62202
62515
62520
62522
62523
62569
67046
62573
62576
62817
62820
62822
62823
63116
63123
63125
63308
63313
63315
63376
63379
63382
63555
67074
63557
63561
63562
63688
70112
63692
63820
63823
63825
63826
63884
63888
63890
64000
64006
64010
64011
64012
64002
00295
01611
01613
01614
02123
00333
00337
00340
00374
00378
00383
67344
00691
00693
67345
00857
00867
00870
00873
00886
68450
00893
01016
01020
67348
01021
01322
01325
01372
01375
01379
01472
01475
01478
01504
01513
01514
01509
01596
01601
01603
01604
01651
01644
01645
01828
01833
01837
01838
01873
01877
01879
01921
69090
01925
02275
67358
02284
02556
02562
02863
02866
02869
02914
02916
02968
02972
02974
03067
03071
03072
03150
03157
03159
03199
03203
03206
03380
03385
03387
03489
03492
03494
03495
03752
03760
03762
03992
04001
04005
04097
04103
04105
04225
04229
04231
04323
04328
04329
04354
04357
04360
04466
06121
04467
06123
04530
04534
04535
04536
05366
05370
05371
05373
05776
05850
06139
06143
06144
06145
68008
68752
69076
06217
06602
06616
06619
07032
67422
07035
07037
07467
67435
07501
07503
07768
07770
07771
07883
07884
07876
67448
08109
08112
08113
08181
08186
08467
08471
08473
08532
67455
08534
08537
70081
67456
08548
08630
08634
08638
08640
08642
08646
08648
67464
08828
08829
08978
65302
67472
08984
09215
70201
09224
09217
09219
09222
09620
09630
09710
09714
10004
10009
10012
10603
10606
10810
10815
10816
11839
11879
12099
12107
12108
12102
12219
12213
12400
67521
12405
12407
12411
12419
12420
12607
12610
12615
12618
12648
12655
12674
12677
12679
12694
12703
12697
12699
12806
12813
12986
12988
12991
12992
12993
13604
70157
13622
13624
13725
13736
14055
67544
14050
14125
14130
14132
14133
14156
14160
14161
14164
14738
14740
14732
15017
15021
15023
15118
15114
15115
15143
15144
15182
15190
15192
15197
15634
15636
15637
15647
70111
15651
15840
15846
15847
15848
15901
15902
15905
15906
16001
16006
16008
16267
16271
16273
16392
70374
16399
16634
16645
16699
16705
16706
16708
16980
16985
16987
16988
17031
17357
17358
17360
67584
17363
17455
17459
17461
17462
18373
18375
18376
18424
18430
18431
18477
18478
18480
18481
18551
18556
19187
19188
19189
19190
67622
19195
19196
19199
67623
19206
19392
67627
19396
19398
19502
19508
19510
19653
19658
19659
19739
67632
19744
19747
19812
19817
70040
69070
20310
20321
20317
20320
20601
20635
67639
20664
20666
20860
20871
21085
21088
21090
21091
21355
67651
21359
21361
21368
21372
21374
21375
21816
21823
21825
22509
22513
22515
22516
22609
22613
22840
67676
22845
22847
67679
22931
23237
23241
23245
23395
23414
23415
23411
23469
23472
24013
24018
24021
67705
24133
24134
24137
24138
24267
65805
24270
24273
24328
24371
24373
24374
24597
24599
24601
24978
24995
24997
67717
68668
25424
25425
25426
25503
67727
25513
25869
68063
25873
25875
26010
67736
26014
26017
26135
69062
67738
26140
26141
26584
68066
26592
27536
27537
27539
27540
27541
27552
27554
27555
27558
27835
27848
27849
28412
28418
28419
28673
28678
28682
29275
29280
29282
29283
29561
29567
29789
29795
29796
29797
29841
29845
29848
29961
29964
29966
29976
29981
29984
30215
30218
30220
30221
30222
30277
30287
30288
30524
30525
30527
30870
30881
30877
30917
30922
30924
31179
31184
31185
31345
31349
31351
31441
67811
31444
31446
31447
31456
31459
31461
31462
31588
31595
31599
31832
67819
31835
31837
31874
31880
31883
31884
31885
32189
67825
33169
33171
33235
33244
33402
33405
33406
33409
33422
67850
33425
33427
33650
33654
33656
33657
34686
34689
34691
35188
35197
35192
35196
35573
35577
35579
35769
35764
35768
35796
35806
67888
35805
35922
35929
35930
36461
36455
36743
36746
36748
36749
70092
37005
37007
37669
37688
37689
38042
38046
38298
38302
38303
38304
38397
38402
38642
38645
38647
38972
38976
38978
39114
67941
39119
39371
39373
39374
39674
39681
39685
40226
40233
40236
40568
40562
40658
67955
40662
40701
42512
42514
42515
41054
67962
41057
41059
41077
41081
41083
41093
41096
41098
41579
68128
68872
41583
41643
67969
41655
41658
41692
41695
41697
42036
42043
67978
42213
42216
42218
42219
42316
42317
42311
42378
70138
42380
42382
42543
42546
42663
42666
42668
42669
42938
67992
42946
43087
43089
43082
43253
43259
43260
43364
43370
43372
43593
43597
43799
43803
43805
43806
43995
43992
44010
44003
44004
44096
44099
44102
44137
44150
44152
44140
67096
44142
44144
44145
44213
68490
44222
44225
44226
44394
44399
44401
44540
44542
44543
44582
44589
44592
44593
44781
44789
44792
44795
67109
44908
44911
44912
45050
45053
45055
45056
45089
45093
45095
45823
45825
46489
46494
46496
46505
46750
46761
46757
46773
46794
46796
46774
46778
46781
47025
47031
47033
47058
67131
47061
47064
47220
67133
47223
47269
47275
47278
47439
47443
47445
47552
47556
47559
47647
47649
47650
47651
48072
48075
48076
48078
48264
48275
48276
48278
48339
48342
48343
48345
48687
48689
48690
49005
49003
48998
49341
49344
49346
49348
49357
49361
49363
49364
49666
49670
49671
49674
50356
50371
50449
50455
50457
50703
70307
50706
50708
50809
50816
50818
50890
50903
67186
50898
51163
51157
51273
67194
51277
51280
51725
67203
51747
51753
51756
51873
51875
52045
52048
52050
52053
67208
52074
52075
52156
52165
52213
52219
52220
52372
52380
52376
52379
52659
52664
52666
52683
52690
52693
52873
52875
52876
52990
52998
52995
53217
70127
53219
53221
53222
53260
53263
53266
53346
53348
53461
53462
68750
53567
53569
53611
53624
53625
53733
53739
53743
53774
53777
54001
54011
67234
54006
54120
54123
54362
54367
54369
54529
54532
54534
54535
54761
54765
54767
54788
54789
54782
55190
55192
55193
55194
56072
67266
56074
56075
56077
56270
56275
56277
56279
56368
56369
56374
56480
67274
56483
56487
56765
56770
68816
68164
56774
57171
57173
57174
70056
57328
57367
57370
57599
57602
57705
69026
67298
57711
57742
57753
57755
57743
57747
57749
57899
57900
57894
58070
58079
58080
58074
58251
58255
58257
58610
58615
58819
58825
58828
58833
58837
58839
58968
67316
58978
59131
59134
59136
59137
59138
59348
59351
59355
59379
59385
59387
59388
60056
60060
60061
68438
60157
60162
60720
60729
61232
61240
61241
61238
61239
61825
61828
61830
62086
70171
67035
62091
62093
62142
62147
62149
62193
62194
67037
62232
62235
62343
62344
62345
62346
62347
62348
62794
62795
62938
62941
62951
67060
62954
62956
63597
63601
63602
63687
67079
63698
63779
63782
63784
63916
63919
63921
63972
63976
00581
00587
67346
00850
00950
01062
01067
01069
01075
01077
01078
01102
01106
01124
01121
01224
01228
01230
01263
01267
01269
67353
01625
01628
02011
02013
02432
02433
02484
02488
02491
02634
02652
02646
02850
02853
02855
03089
03094
03311
03317
03320
03750
03767
03797
03801
03804
04049
04052
04054
04128
04131
04133
04135
04138
04140
04204
04205
04207
04216
04220
04222
04300
04303
04305
04363
04367
04370
04371
04374
04377
04379
68886
67388
04973
04975
05016
05024
05215
05218
05220
70094
67395
05363
05364
05986
05991
05997
06000
06077
06298
67409
06301
06790
06793
06924
06926
06927
06967
06971
06974
07115
07120
07116
07117
07126
70227
07129
07425
07432
07434
07516
07511
07513
07523
07529
07531
07611
70093
67441
07627
07629
07701
07704
07705
07715
07717
07719
07720
07860
07863
07865
08091
08094
08300
08304
08306
08342
08511
08516
08776
08778
08779
08888
08892
08971
09079
09082
09083
09084
09256
09263
09504
09506
10249
10253
10254
10295
10299
10388
67494
10390
10392
10608
10610
10613
10673
10681
10683
11106
11107
11112
11292
11288
11412
11415
11421
11423
11688
11691
11692
11929
11932
11934
11974
11977
11996
11998
11999
12004
12007
12022
12026
12160
12162
12163
12387
12393
12395
12396
67523
12639
12640
12749
12757
12760
12822
12825
12857
12858
12861
12941
12944
12946
13089
13090
13110
13112
13113
13222
13225
13226
13227
13498
13502
13507
67533
13511
13821
13823
67541
13879
13883
67543
14012
14014
14101
14104
14106
14205
14207
14209
14211
14390
67547
14392
14394
14395
14431
14435
14436
15997
14553
15999
14601
14605
14607
14634
67551
14637
14644
14649
14655
14772
14775
14776
67554
14956
14960
14965
14967
14980
14982
14983
15397
15404
15407
15447
15451
15452
15691
15696
15698
15741
15752
15874
70199
15877
15879
15956
67566
15961
15962
67569
16112
16116
16211
16214
16219
16313
16318
16505
16510
16540
16543
16545
70110
16637
16638
16874
16879
16949
16956
16957
17208
17213
17511
17520
17513
17518
17531
17533
17534
17535
17561
17563
17885
17888
17879
17958
17978
18039
18041
18072
18074
18075
18090
18093
18094
18107
18534
18536
18640
18643
18646
18647
18731
18733
18755
18758
18760
18854
18857
18859
18860
18939
18948
18950
19198
19216
19301
19302
67629
19516
19851
19854
19929
19932
19909
19913
19916
20108
20114
20258
20259
20261
20455
20458
20460
20508
20514
20515
20670
21569
21571
20840
20841
20842
20965
20970
20971
20972
68588
21526
21528
21837
21840
21842
68049
68648
21926
21929
22017
22018
67664
22012
21998
22000
22193
22196
22356
22361
22363
22775
22776
22973
22977
23029
23034
23432
23426
23431
23649
23651
23959
24524
24526
24042
24045
24047
24199
67704
24201
24346
24348
24501
24539
24551
24554
25270
25278
25281
25352
25355
25521
25529
68502
68062
25715
25717
25719
26065
26066
26068
26074
27358
27356
65877
26466
26467
26468
68948
26486
26488
26934
26936
27017
27021
27485
27489
27490
27491
27752
27747
27915
27941
27944
28050
28059
28088
28089
28285
28290
28295
28557
28790
28793
28823
28810
28826
28811
28816
67787
29009
29461
29464
29467
29899
29902
29922
29925
70182
30300
30302
30582
30588
30589
67798
30600
30601
30820
31101
31103
31072
31216
31219
31222
31234
31238
31297
31302
31304
31436
31584
31586
67814
31620
31690
31692
32048
32051
32092
32096
32100
67824
32104
32275
32279
32419
32423
32426
32519
32524
32561
32565
32566
32567
32576
32573
32752
32756
32758
32902
32914
32917
32999
33004
33041
33045
33046
33061
33065
33067
33068
33517
68094
68596
33520
33607
33610
33613
33615
33848
67859
33855
33856
33858
33880
68976
67860
33883
33979
33982
33985
34336
35898
35900
35309
35310
35311
35312
35313
35554
35559
35566
35569
35571
35673
35681
35678
35680
67891
35934
35936
35994
35991
35993
36036
36039
36041
36042
36141
36144
36145
36398
36401
36403
36487
70202
67899
36491
36803
36806
36807
36907
36908
36904
36974
37302
37307
37309
37512
38266
38268
37644
37649
37651
37827
37830
37832
37930
37935
37937
37938
38206
38213
67930
38375
38377
38700
38703
38705
38948
68530
67936
38874
39068
39069
39074
39078
39081
39147
39554
39556
39197
39200
39202
39288
39290
39333
39336
39338
39339
39386
39391
39646
39648
39650
39651
40093
40246
40241
40243
40094
67948
40100
40340
40344
40346
40527
40530
40725
40727
40827
40832
41256
41264
41266
41560
41561
41704
41707
41709
41710
41771
41776
41779
41810
41813
41815
41895
41901
67973
41903
41904
41906
42136
42144
42145
42508
42601
42610
42611
42760
42763
42766
43146
43148
43150
43509
43512
67087
43542
43673
43676
43882
43883
43876
43880
43881
43944
43947
44018
44021
44022
44166
44171
44181
44183
44187
44189
44296
44297
44300
44302
67101
44489
44522
44525
44527
44528
44530
44533
44535
44536
44548
44553
44714
44718
44720
44810
44813
44816
44842
44846
44848
44957
44959
44960
44961
44963
44969
44972
44974
45163
67112
45165
45167
45186
45197
45222
45412
45414
45415
45421
45422
45424
45467
45470
45472
45524
45527
45595
45598
45600
45636
45641
45651
45654
45657
45672
45666
45829
47984
47986
45927
45930
45935
46164
46167
46172
46310
46316
46318
46576
46577
46579
46605
46608
46610
46656
46929
46931
46932
47079
47082
47092
47135
47141
47341
47344
47346
47478
47481
47483
47565
47571
47573
47574
47721
47723
47725
47726
47802
47808
47810
48297
48300
48302
48305
48312
70344
48524
48568
48571
48729
48733
48735
48933
51427
51429
49088
49091
49412
67163
49418
49408
67166
49461
49462
49464
49776
49782
49784
49785
49884
49901
49904
50192
50193
50194
50200
50465
50474
50578
50583
50586
51299
51302
51304
51305
51312
67196
51314
51316
51771
51828
51830
51795
51797
51799
51985
52114
68470
67209
52125
52127
52180
52182
52183
67218
52652
52653
52654
52655
53035
53040
53042
53122
53124
53125
53177
53181
53183
53201
53202
53228
53232
53234
53251
53254
53256
53402
53407
53848
53853
53856
53917
53923
53925
66549
54091
54094
54141
54188
54192
54194
54253
54661
54665
54666
54668
54670
54804
54806
54808
54809
54829
67247
54831
54838
54842
54844
55322
55325
55327
55626
70160
55630
55865
55870
55914
55915
55916
56113
56116
56118
56168
56177
56179
56358
56546
58324
58326
56788
56794
56797
57254
57256
57344
57350
57352
57353
57394
57396
57361
57379
57381
57382
57542
57551
57566
57569
57571
57572
67291
57604
57607
57609
57818
57821
57823
57824
58236
58246
58663
67312
58666
58743
58747
58749
58768
58771
58773
59000
59004
59006
59120
59125
59668
59671
59841
59845
59969
59989
59993
68518
60072
67329
60073
60074
60338
60359
60361
60701
60966
60969
60972
60973
61130
61562
61564
61134
61137
61139
61187
61190
61192
61219
61223
61225
61248
61250
61511
61587
61591
61594
61696
61698
61845
61849
61871
61872
61875
61946
67030
62032
63275
63277
62384
70137
62487
62491
62781
70104
67053
62784
63045
63048
63049
63185
67065
63187
63189